550630
550632
551027
551894
558433
558273
555166
552029
554873
555254
550634
550654
551083
551066
551468
551394
551504
551463
552176
552200
552103
552341
551759
551983
551982
551843
551874
551418
551943
551958
551889
551923
552384
552402
551875
552139
552156
552140
552198
550728
550774
550781
550731
550778
550756
550858
551398
551997
551760
551989
551761
551926
551877
551925
550760
552005
551122
551127
551149
551221
552353
551977
551391
551392
551498
551387
551979
551389
552138
550784
550742
551008
552142
551005
551232
551260
551427
551257
551365
551290
551230
553253
553297
553299
553305
553785
553844
553255
553274
555411
553739
553862
555370
555917
555431
555883
553486
555612
554701
555705
555801
555723
555722
558122
558126
553588
558291
558354
558676
558369
558390
555345
555967
555374
555504
555763
555443
558627
558633
555695
555546
558155
558757
558179
558244
558182
558217
558656
555540
555790
555408
555676
555707
558752
558602
555478
558604
558329
558685
555850
556182
554203
555543
555742
558482
555761
555649
558409
555451
556164
557350
556640
550889
550916
550997
551856
551922
551921
554316
556237
556734
557744
556954
556958
556269
555651
558606
558744
558150
558221
558288
558215
558327
558330
555900
555933
555960
555965
555976
554201
554208
554408
554247
554394
555121
555124
555308
554920
555259
554970
555073
555156
555226
552283
552285
552304
556981
555591
555596
555575
551296
552382
556979
551229
551255
555435
553821
553903
553185
555122
558284
554524
551013
551023
556662
558615
553219
554223
554615
554808
553807
555160
555187
554774
555798
555860
555853
556664
557681
557012
556834
558275
558551
558422
558726
558449
558153
554293
552080
552403
552177
556767
557021
556152
556218
556160
556716
557339
557613
557659
557691
557717
557926
556248
556741
557723
557726
556680
556816
556889
556913
556923
557019
558750
553187
553188
553189
553193
553555
553663
555172
555267
553225
553536
553530
554703
554837
554295
553590
554323
554880
555208
554998
555022
554194
555482
554588
554354
554898
555020
554973
555023
555202
555232
553655
554198
554603
554752
554768
553700
554772
553702
553880
553756
554736
552102
552178
552204
552203
552205
556639
555270
555759
557321
557336
558387
558124
553512
554835
555344
558535
555401
558247
554322
552206
556872
553294
554261
557026
552340
556997
556210
556641
556907
556939
557547
557374
558383
558406
553610
553633
554404
554633
554791
554728
554427
555476
555740
553660
557271
557291
557299
552369
552381
552401
552400
557226
557251
554462
554558
554494
554569
554495
554504
554538
554564
556437
556461
556517
557149
557119
556454
556485
557112
557138
556542
556491
557415
557482
557104
556482
556562
557509
554526
557425
557444
557481
