550367
550369
550375
550412
550417
550421
550424
550425
550439
550630
550632
550634
550653
550654
550690
550691
550707
550711
550728
550731
550742
550756
550760
550774
550778
550781
550784
550819
550824
550843
550848
550852
550858
550889
550916
550997
551005
551007
551008
551013
551023
551027
551066
551083
551105
551107
551122
551127
551149
551219
551221
551229
551230
551232
551255
551257
551260
551272
551290
551296
551365
551387
551389
551391
551392
551394
551398
551418
551427
551463
551468
551498
551504
551759
551760
551761
551780
551843
551856
551874
551875
551877
551889
551890
551894
551921
551922
551923
551924
551925
551926
551931
551943
551958
551977
551979
551982
551983
551989
551992
551993
551997
552005
552029
552080
552102
552103
552138
552139
552140
552141
552142
552156
552176
552177
552178
552179
552197
552198
552200
552201
552203
552204
552205
552206
552283
552285
552304
552340
552341
552353
552369
552381
552382
552383
552384
552400
552401
552402
552403
553185
553187
553188
553189
553193
553219
553225
553250
553253
553255
553274
553294
553297
553299
553305
553486
553512
553530
553536
553555
553588
553590
553610
553633
553655
553660
553663
553700
553702
553739
553756
553785
553807
553816
553819
553821
553824
553825
553844
553862
553880
553903
554092
554094
554095
554097
554098
554194
554198
554201
554203
554207
554208
554223
554247
554261
554293
554295
554316
554322
554323
554354
554394
554404
554408
554413
554427
554462
554471
554494
554495
554504
554507
554524
554526
554538
554558
554564
554569
554588
554603
554613
554615
554633
554701
554703
554714
554728
554732
554736
554752
554768
554772
554774
554791
554808
554835
554837
554873
554880
554898
554920
554970
554973
554998
555020
555022
555023
555047
555071
555073
555121
555122
555124
555150
555152
555156
555160
555166
555172
555187
555202
555208
555226
555232
555254
555259
555267
555270
555308
555344
555345
555370
555374
555401
555408
555411
555431
555435
555443
555451
555476
555478
555482
555504
555540
555543
555546
555575
555591
555596
555612
555649
555651
555676
555693
555695
555705
555707
555722
555723
555740
555742
555759
555761
555763
555790
555798
555801
555850
555853
555860
555881
555883
555900
555917
555933
555958
555960
555965
555967
555976
556152
556160
556164
556182
556210
556218
556237
556248
556269
556284
556370
556372
556412
556437
556454
556461
556482
556485
556491
556497
556517
556542
556562
556639
556640
556641
556662
556664
556680
556716
556734
556741
556767
556816
556834
556872
556889
556907
556909
556913
556923
556939
556954
556958
556979
556981
556997
557012
557019
557021
557026
557074
557104
557112
557118
557119
557138
557149
557226
557233
557251
557271
557291
557299
557321
557336
557339
557350
557374
557415
557425
557444
557481
557482
557509
557531
557547
557613
557659
557681
557691
557717
557723
557726
557744
557749
557862
557876
557897
557913
557926
558122
558124
558126
558150
558153
558155
558179
558182
558215
558217
558221
558244
558247
558273
558275
558284
558288
558291
558327
558329
558330
558354
558369
558383
558387
558390
558406
558409
558410
558422
558433
558437
558449
558482
558535
558551
558602
558604
558606
558615
558627
558633
558656
558676
558685
558726
558744
558750
558752
558757
