553185
553187
553188
553189
553193
553219
553225
553250
553253
553255
553274
553294
553297
553299
553305
553486
553512
553530
553536
553555
553588
553590
553610
553633
553655
553660
553663
553700
553702
553739
553756
553785
553807
553816
553819
553821
553824
553825
553844
553862
553880
553903
554092
554094
554095
554097
554098
554194
554198
554201
554203
554207
554208
554223
554247
554261
554293
554295
554316
554322
554323
554354
554394
554404
554408
554413
554427
554462
554471
554494
554495
554504
554507
554524
554526
554538
554558
554564
554569
554588
554603
554613
554615
554633
554701
554703
554714
554728
554732
554736
554752
554768
554772
554774
554791
554808
554835
554837
554873
554880
554898
554920
554968
554970
554973
554998
555020
555022
555023
555047
555071
555073
555121
555122
555124
555150
555152
555156
555160
555166
555172
555187
555202
555208
555226
555232
555254
555259
555267
555270
555308
