556152
556160
556164
556182
556210
556218
556237
556248
556269
556284
556370
556372
556412
556437
556454
556461
556482
556485
556491
556497
556517
556542
556562
556639
556640
556641
556662
556664
556680
556716
556734
556741
556767
556816
556834
556872
556889
556907
556909
556913
556923
556939
556954
556958
556979
556981
556997
557012
557019
557021
557026
557074
557104
557112
557118
557119
557138
557149
557226
557233
557251
557271
557291
557299
557321
557336
557339
557350
557374
557415
557425
557444
557481
557482
557509
557531
557547
557613
557659
557681
557691
557717
557723
557726
557744
557749
557862
557876
557897
557913
557926
