553187
553188
553189
553193
553225
553255
553294
553297
553299
553305
553486
553512
553530
553536
553555
553588
553590
553610
553633
553655
553660
553663
553700
553702
553739
553756
553785
553816
553821
553844
553862
553880
553903
554194
554198
554201
554207
554208
554223
554247
554261
554293
554295
554316
554322
554323
554354
554394
554404
554408
554427
554462
554471
554494
554495
554504
554526
554538
554558
554564
554569
554588
554603
554613
554615
554633
554701
554703
554714
554728
554736
554752
554768
554772
554791
554808
554835
554837
554873
554880
554898
554920
554970
554973
554998
555020
555022
555023
555073
555121
555124
555156
555172
555202
555208
555226
555232
555254
555259
555267
555270
555308
